1406
1436
2441
2642
2698
2729
2755
2923
2983
3183
3186
3201
3238
3239
3241
3270
3302
3303
3311
3338
3339
3341
3342
3355
3412
3460
3462
3516
3737
3813
3829
3830
3881
3920
3921
3922
3925
3931
3932
3935
3941
3960
3987
3988
3989
3991
3992
3993
3999
4023
4024
4028
4030
4031
4034
4035
4036
4051
4052
4064
4065
4066
4067
4073
4079
4081
4089
4119
4127
4129
4130
4132
4133
4134
4135
4138
4143
4144
4155
4162
4165
4179
4191
4192
4193
4229
4234
4247
4248
4249
4275
4279
4281
4285
4288
4291
4292
4300
4301
4302
4304
4305
4310
4324
4329
4330
4339
4357
4378
4382
4386
4391
4416
4417
4427
4429
4431
4432
4433
4435
4436
4437
4441
4442
4444
4446
4447
4467
4483
4484
4486
4493
4517
4534
4538
4539
4610
4628
4632
4633
4636
4649
4664
4676
4784
4825
4837
4977
5080
5105
5109
5111
5117
5290
5445
5446
5524
5583
5682
5683
5732
5803
5804
5805
5806
5807
5808
5809
5810
5811
5812
5813
5814
5843
5881
5914
6198
6254
6255
6267
6307
6308
6389
6390
6609
6619
6635
